Homes:
  main:
    X: -1158.300000011921
    Y: -42.0
    Z: 593.0014681491978
    Yaw: 101.31314
    Pitch: 12.574516
    World: world
