Homes:
  main:
    X: -1055.2002281518703
    Y: 70.0
    Z: -713.8293014577496
    Yaw: 99.767166
    Pitch: 19.091951
    World: world
